20
10
150
100000100100100100000100100100
000100000100100100100100000000
000100000100100100100100000000
000000100000000100100100100100
100100100100100100100100100100
100000100000100100000100100100
100100100100000100100100100100
000000000000100100100100100100
100000000100100100100100000100
100100000000100000100000100000
100100000100100100100100100100
100100000100100100100000100100
100100100000000100100100100100
100000100100000100100100100000
000100100100000100100100000100
100100000100000100100100000100
100100100000000100000100100100
100100100100100100100100100000
100100100100000100100100100000
100100100100100100100100100100
